% Intrinsic and Extrinsic Camera Parameters
%
% This script file can be directly excecuted under Matlab to recover the camera intrinsic and extrinsic parameters.
% IMPORTANT: This file contains neither the structure of the calibration objects nor the image coordinates of the calibration points.
%            All those complementary variables are saved in the complete matlab data file Calib_Results.mat.
% For more information regarding the calibration model visit http://www.vision.caltech.edu/bouguetj/calib_doc/


%-- Focal length:
fc = [ 567.475712286176190 ; 563.474072159062416 ];

%-- Principal point:
cc = [ 319.212006789408747 ; 243.575129433152739 ];

%-- Skew coefficient:
alpha_c = 0.000000000000000;

%-- Distortion coefficients:
kc = [ -0.062648887464614 ; 0.048983559168708 ; -0.000574495439515 ; -0.000565695970238 ; 0.000000000000000 ];

%-- Focal length uncertainty:
fc_error = [ 2.060732606180453 ; 2.150892218159688 ];

%-- Principal point uncertainty:
cc_error = [ 2.878877427482895 ; 2.571185414156203 ];

%-- Skew coefficient uncertainty:
alpha_c_error = 0.000000000000000;

%-- Distortion coefficients uncertainty:
kc_error = [ 0.011565402086985 ; 0.034771113971424 ; 0.001149126354059 ; 0.001582594208753 ; 0.000000000000000 ];

%-- Image size:
nx = 640;
ny = 488;


%-- Various other variables (may be ignored if you do not use the Matlab Calibration Toolbox):
%-- Those variables are used to control which intrinsic parameters should be optimized

n_ima = 114;						% Number of calibration images
est_fc = [ 1 ; 1 ];					% Estimation indicator of the two focal variables
est_aspect_ratio = 1;				% Estimation indicator of the aspect ratio fc(2)/fc(1)
center_optim = 1;					% Estimation indicator of the principal point
est_alpha = 0;						% Estimation indicator of the skew coefficient
est_dist = [ 1 ; 1 ; 1 ; 1 ; 0 ];	% Estimation indicator of the distortion coefficients


%-- Extrinsic parameters:
%-- The rotation (omc_kk) and the translation (Tc_kk) vectors for every calibration image and their uncertainties

%-- Image #1:
omc_1 = [ 1.889977e+00 ; 1.946882e+00 ; 5.458099e-01 ];
Tc_1  = [ -1.245546e+02 ; -1.057402e+02 ; 2.841311e+02 ];
omc_error_1 = [ 4.742437e-03 ; 4.110846e-03 ; 7.298764e-03 ];
Tc_error_1  = [ 1.540661e+00 ; 1.353580e+00 ; 1.649062e+00 ];

%-- Image #2:
omc_2 = [ NaN ; NaN ; NaN ];
Tc_2  = [ NaN ; NaN ; NaN ];
omc_error_2 = [ NaN ; NaN ; NaN ];
Tc_error_2  = [ NaN ; NaN ; NaN ];

%-- Image #3:
omc_3 = [ 2.194834e+00 ; 2.225238e+00 ; -8.430735e-02 ];
Tc_3  = [ -1.544758e+02 ; -1.049491e+02 ; 3.586516e+02 ];
omc_error_3 = [ 4.282297e-03 ; 4.682544e-03 ; 9.673799e-03 ];
Tc_error_3  = [ 1.861584e+00 ; 1.671589e+00 ; 1.730977e+00 ];

%-- Image #4:
omc_4 = [ NaN ; NaN ; NaN ];
Tc_4  = [ NaN ; NaN ; NaN ];
omc_error_4 = [ NaN ; NaN ; NaN ];
Tc_error_4  = [ NaN ; NaN ; NaN ];

%-- Image #5:
omc_5 = [ NaN ; NaN ; NaN ];
Tc_5  = [ NaN ; NaN ; NaN ];
omc_error_5 = [ NaN ; NaN ; NaN ];
Tc_error_5  = [ NaN ; NaN ; NaN ];

%-- Image #6:
omc_6 = [ NaN ; NaN ; NaN ];
Tc_6  = [ NaN ; NaN ; NaN ];
omc_error_6 = [ NaN ; NaN ; NaN ];
Tc_error_6  = [ NaN ; NaN ; NaN ];

%-- Image #7:
omc_7 = [ NaN ; NaN ; NaN ];
Tc_7  = [ NaN ; NaN ; NaN ];
omc_error_7 = [ NaN ; NaN ; NaN ];
Tc_error_7  = [ NaN ; NaN ; NaN ];

%-- Image #8:
omc_8 = [ NaN ; NaN ; NaN ];
Tc_8  = [ NaN ; NaN ; NaN ];
omc_error_8 = [ NaN ; NaN ; NaN ];
Tc_error_8  = [ NaN ; NaN ; NaN ];

%-- Image #9:
omc_9 = [ NaN ; NaN ; NaN ];
Tc_9  = [ NaN ; NaN ; NaN ];
omc_error_9 = [ NaN ; NaN ; NaN ];
Tc_error_9  = [ NaN ; NaN ; NaN ];

%-- Image #10:
omc_10 = [ NaN ; NaN ; NaN ];
Tc_10  = [ NaN ; NaN ; NaN ];
omc_error_10 = [ NaN ; NaN ; NaN ];
Tc_error_10  = [ NaN ; NaN ; NaN ];

%-- Image #11:
omc_11 = [ NaN ; NaN ; NaN ];
Tc_11  = [ NaN ; NaN ; NaN ];
omc_error_11 = [ NaN ; NaN ; NaN ];
Tc_error_11  = [ NaN ; NaN ; NaN ];

%-- Image #12:
omc_12 = [ NaN ; NaN ; NaN ];
Tc_12  = [ NaN ; NaN ; NaN ];
omc_error_12 = [ NaN ; NaN ; NaN ];
Tc_error_12  = [ NaN ; NaN ; NaN ];

%-- Image #13:
omc_13 = [ NaN ; NaN ; NaN ];
Tc_13  = [ NaN ; NaN ; NaN ];
omc_error_13 = [ NaN ; NaN ; NaN ];
Tc_error_13  = [ NaN ; NaN ; NaN ];

%-- Image #14:
omc_14 = [ NaN ; NaN ; NaN ];
Tc_14  = [ NaN ; NaN ; NaN ];
omc_error_14 = [ NaN ; NaN ; NaN ];
Tc_error_14  = [ NaN ; NaN ; NaN ];

%-- Image #15:
omc_15 = [ NaN ; NaN ; NaN ];
Tc_15  = [ NaN ; NaN ; NaN ];
omc_error_15 = [ NaN ; NaN ; NaN ];
Tc_error_15  = [ NaN ; NaN ; NaN ];

%-- Image #16:
omc_16 = [ -1.930347e+00 ; -1.921834e+00 ; 6.595042e-01 ];
Tc_16  = [ -1.196758e+02 ; -9.557899e+01 ; 4.484705e+02 ];
omc_error_16 = [ 4.546430e-03 ; 3.847070e-03 ; 7.629547e-03 ];
Tc_error_16  = [ 2.282616e+00 ; 2.027759e+00 ; 1.671495e+00 ];

%-- Image #17:
omc_17 = [ NaN ; NaN ; NaN ];
Tc_17  = [ NaN ; NaN ; NaN ];
omc_error_17 = [ NaN ; NaN ; NaN ];
Tc_error_17  = [ NaN ; NaN ; NaN ];

%-- Image #18:
omc_18 = [ NaN ; NaN ; NaN ];
Tc_18  = [ NaN ; NaN ; NaN ];
omc_error_18 = [ NaN ; NaN ; NaN ];
Tc_error_18  = [ NaN ; NaN ; NaN ];

%-- Image #19:
omc_19 = [ NaN ; NaN ; NaN ];
Tc_19  = [ NaN ; NaN ; NaN ];
omc_error_19 = [ NaN ; NaN ; NaN ];
Tc_error_19  = [ NaN ; NaN ; NaN ];

%-- Image #20:
omc_20 = [ 2.095396e+00 ; 2.072036e+00 ; -2.826611e-01 ];
Tc_20  = [ -1.460498e+02 ; -9.777264e+01 ; 3.855422e+02 ];
omc_error_20 = [ 4.065510e-03 ; 4.738201e-03 ; 9.024752e-03 ];
Tc_error_20  = [ 1.985194e+00 ; 1.762554e+00 ; 1.805336e+00 ];

%-- Image #21:
omc_21 = [ NaN ; NaN ; NaN ];
Tc_21  = [ NaN ; NaN ; NaN ];
omc_error_21 = [ NaN ; NaN ; NaN ];
Tc_error_21  = [ NaN ; NaN ; NaN ];

%-- Image #22:
omc_22 = [ NaN ; NaN ; NaN ];
Tc_22  = [ NaN ; NaN ; NaN ];
omc_error_22 = [ NaN ; NaN ; NaN ];
Tc_error_22  = [ NaN ; NaN ; NaN ];

%-- Image #23:
omc_23 = [ NaN ; NaN ; NaN ];
Tc_23  = [ NaN ; NaN ; NaN ];
omc_error_23 = [ NaN ; NaN ; NaN ];
Tc_error_23  = [ NaN ; NaN ; NaN ];

%-- Image #24:
omc_24 = [ NaN ; NaN ; NaN ];
Tc_24  = [ NaN ; NaN ; NaN ];
omc_error_24 = [ NaN ; NaN ; NaN ];
Tc_error_24  = [ NaN ; NaN ; NaN ];

%-- Image #25:
omc_25 = [ NaN ; NaN ; NaN ];
Tc_25  = [ NaN ; NaN ; NaN ];
omc_error_25 = [ NaN ; NaN ; NaN ];
Tc_error_25  = [ NaN ; NaN ; NaN ];

%-- Image #26:
omc_26 = [ NaN ; NaN ; NaN ];
Tc_26  = [ NaN ; NaN ; NaN ];
omc_error_26 = [ NaN ; NaN ; NaN ];
Tc_error_26  = [ NaN ; NaN ; NaN ];

%-- Image #27:
omc_27 = [ NaN ; NaN ; NaN ];
Tc_27  = [ NaN ; NaN ; NaN ];
omc_error_27 = [ NaN ; NaN ; NaN ];
Tc_error_27  = [ NaN ; NaN ; NaN ];

%-- Image #28:
omc_28 = [ NaN ; NaN ; NaN ];
Tc_28  = [ NaN ; NaN ; NaN ];
omc_error_28 = [ NaN ; NaN ; NaN ];
Tc_error_28  = [ NaN ; NaN ; NaN ];

%-- Image #29:
omc_29 = [ NaN ; NaN ; NaN ];
Tc_29  = [ NaN ; NaN ; NaN ];
omc_error_29 = [ NaN ; NaN ; NaN ];
Tc_error_29  = [ NaN ; NaN ; NaN ];

%-- Image #30:
omc_30 = [ NaN ; NaN ; NaN ];
Tc_30  = [ NaN ; NaN ; NaN ];
omc_error_30 = [ NaN ; NaN ; NaN ];
Tc_error_30  = [ NaN ; NaN ; NaN ];

%-- Image #31:
omc_31 = [ NaN ; NaN ; NaN ];
Tc_31  = [ NaN ; NaN ; NaN ];
omc_error_31 = [ NaN ; NaN ; NaN ];
Tc_error_31  = [ NaN ; NaN ; NaN ];

%-- Image #32:
omc_32 = [ NaN ; NaN ; NaN ];
Tc_32  = [ NaN ; NaN ; NaN ];
omc_error_32 = [ NaN ; NaN ; NaN ];
Tc_error_32  = [ NaN ; NaN ; NaN ];

%-- Image #33:
omc_33 = [ NaN ; NaN ; NaN ];
Tc_33  = [ NaN ; NaN ; NaN ];
omc_error_33 = [ NaN ; NaN ; NaN ];
Tc_error_33  = [ NaN ; NaN ; NaN ];

%-- Image #34:
omc_34 = [ NaN ; NaN ; NaN ];
Tc_34  = [ NaN ; NaN ; NaN ];
omc_error_34 = [ NaN ; NaN ; NaN ];
Tc_error_34  = [ NaN ; NaN ; NaN ];

%-- Image #35:
omc_35 = [ NaN ; NaN ; NaN ];
Tc_35  = [ NaN ; NaN ; NaN ];
omc_error_35 = [ NaN ; NaN ; NaN ];
Tc_error_35  = [ NaN ; NaN ; NaN ];

%-- Image #36:
omc_36 = [ NaN ; NaN ; NaN ];
Tc_36  = [ NaN ; NaN ; NaN ];
omc_error_36 = [ NaN ; NaN ; NaN ];
Tc_error_36  = [ NaN ; NaN ; NaN ];

%-- Image #37:
omc_37 = [ NaN ; NaN ; NaN ];
Tc_37  = [ NaN ; NaN ; NaN ];
omc_error_37 = [ NaN ; NaN ; NaN ];
Tc_error_37  = [ NaN ; NaN ; NaN ];

%-- Image #38:
omc_38 = [ NaN ; NaN ; NaN ];
Tc_38  = [ NaN ; NaN ; NaN ];
