% Intrinsic and Extrinsic Camera Parameters
%
% This script file can be directly excecuted under Matlab to recover the camera intrinsic and extrinsic parameters.
% IMPORTANT: This file contains neither the structure of the calibration objects nor the image coordinates of the calibration points.
%            All those complementary variables are saved in the complete matlab data file Calib_Results.mat.
% For more information regarding the calibration model visit http://www.vision.caltech.edu/bouguetj/calib_doc/


%-- Focal length:
fc = [ 553.377362394225884 ; 550.423721447655907 ];

%-- Principal point:
cc = [ 321.569560465750612 ; 237.528024742515754 ];

%-- Skew coefficient:
alpha_c = 0.000000000000000;

%-- Distortion coefficients:
kc = [ 0.082094117838074 ; -0.131669747788267 ; -0.000133766345675 ; 0.002124914172210 ; 0.000000000000000 ];

%-- Focal length uncertainty:
fc_error = [ 2.246776533724851 ; 2.320947128028008 ];

%-- Principal point uncertainty:
cc_error = [ 2.892322518128681 ; 2.652427200926551 ];

%-- Skew coefficient uncertainty:
alpha_c_error = 0.000000000000000;

%-- Distortion coefficients uncertainty:
kc_error = [ 0.013184125228495 ; 0.046602388568730 ; 0.001605955768597 ; 0.002205948258478 ; 0.000000000000000 ];

%-- Image size:
nx = 640;
ny = 480;


%-- Various other variables (may be ignored if you do not use the Matlab Calibration Toolbox):
%-- Those variables are used to control which intrinsic parameters should be optimized

n_ima = 114;						% Number of calibration images
est_fc = [ 1 ; 1 ];					% Estimation indicator of the two focal variables
est_aspect_ratio = 1;				% Estimation indicator of the aspect ratio fc(2)/fc(1)
center_optim = 1;					% Estimation indicator of the principal point
est_alpha = 0;						% Estimation indicator of the skew coefficient
est_dist = [ 1 ; 1 ; 1 ; 1 ; 0 ];	% Estimation indicator of the distortion coefficients


%-- Extrinsic parameters:
%-- The rotation (omc_kk) and the translation (Tc_kk) vectors for every calibration image and their uncertainties

%-- Image #1:
omc_1 = [ 1.899646e+00 ; 1.949056e+00 ; 5.484241e-01 ];
Tc_1  = [ -8.853806e+01 ; -1.076471e+02 ; 3.055799e+02 ];
omc_error_1 = [ 4.904392e-03 ; 3.976135e-03 ; 7.415784e-03 ];
Tc_error_1  = [ 1.670918e+00 ; 1.496406e+00 ; 1.796418e+00 ];

%-- Image #2:
omc_2 = [ NaN ; NaN ; NaN ];
Tc_2  = [ NaN ; NaN ; NaN ];
omc_error_2 = [ NaN ; NaN ; NaN ];
Tc_error_2  = [ NaN ; NaN ; NaN ];

%-- Image #3:
omc_3 = [ 2.203446e+00 ; 2.228578e+00 ; -7.297529e-02 ];
Tc_3  = [ -1.206974e+02 ; -1.078325e+02 ; 3.783086e+02 ];
omc_error_3 = [ 4.643804e-03 ; 4.654703e-03 ; 1.031445e-02 ];
Tc_error_3  = [ 2.017983e+00 ; 1.837905e+00 ; 1.905883e+00 ];

%-- Image #4:
omc_4 = [ NaN ; NaN ; NaN ];
Tc_4  = [ NaN ; NaN ; NaN ];
omc_error_4 = [ NaN ; NaN ; NaN ];
Tc_error_4  = [ NaN ; NaN ; NaN ];

%-- Image #5:
omc_5 = [ NaN ; NaN ; NaN ];
Tc_5  = [ NaN ; NaN ; NaN ];
omc_error_5 = [ NaN ; NaN ; NaN ];
Tc_error_5  = [ NaN ; NaN ; NaN ];

%-- Image #6:
omc_6 = [ NaN ; NaN ; NaN ];
Tc_6  = [ NaN ; NaN ; NaN ];
omc_error_6 = [ NaN ; NaN ; NaN ];
Tc_error_6  = [ NaN ; NaN ; NaN ];

%-- Image #7:
omc_7 = [ NaN ; NaN ; NaN ];
Tc_7  = [ NaN ; NaN ; NaN ];
omc_error_7 = [ NaN ; NaN ; NaN ];
Tc_error_7  = [ NaN ; NaN ; NaN ];

%-- Image #8:
omc_8 = [ NaN ; NaN ; NaN ];
Tc_8  = [ NaN ; NaN ; NaN ];
omc_error_8 = [ NaN ; NaN ; NaN ];
Tc_error_8  = [ NaN ; NaN ; NaN ];

%-- Image #9:
omc_9 = [ NaN ; NaN ; NaN ];
Tc_9  = [ NaN ; NaN ; NaN ];
omc_error_9 = [ NaN ; NaN ; NaN ];
Tc_error_9  = [ NaN ; NaN ; NaN ];

%-- Image #10:
omc_10 = [ NaN ; NaN ; NaN ];
Tc_10  = [ NaN ; NaN ; NaN ];
omc_error_10 = [ NaN ; NaN ; NaN ];
Tc_error_10  = [ NaN ; NaN ; NaN ];

%-- Image #11:
omc_11 = [ NaN ; NaN ; NaN ];
Tc_11  = [ NaN ; NaN ; NaN ];
omc_error_11 = [ NaN ; NaN ; NaN ];
Tc_error_11  = [ NaN ; NaN ; NaN ];

%-- Image #12:
omc_12 = [ NaN ; NaN ; NaN ];
Tc_12  = [ NaN ; NaN ; NaN ];
omc_error_12 = [ NaN ; NaN ; NaN ];
Tc_error_12  = [ NaN ; NaN ; NaN ];

%-- Image #13:
omc_13 = [ NaN ; NaN ; NaN ];
Tc_13  = [ NaN ; NaN ; NaN ];
omc_error_13 = [ NaN ; NaN ; NaN ];
Tc_error_13  = [ NaN ; NaN ; NaN ];

%-- Image #14:
omc_14 = [ NaN ; NaN ; NaN ];
Tc_14  = [ NaN ; NaN ; NaN ];
omc_error_14 = [ NaN ; NaN ; NaN ];
Tc_error_14  = [ NaN ; NaN ; NaN ];

%-- Image #15:
omc_15 = [ NaN ; NaN ; NaN ];
Tc_15  = [ NaN ; NaN ; NaN ];
omc_error_15 = [ NaN ; NaN ; NaN ];
Tc_error_15  = [ NaN ; NaN ; NaN ];

%-- Image #16:
omc_16 = [ -1.934376e+00 ; -1.925677e+00 ; 6.399799e-01 ];
Tc_16  = [ -8.942270e+01 ; -9.963030e+01 ; 4.679337e+02 ];
omc_error_16 = [ 4.582699e-03 ; 4.115128e-03 ; 8.476232e-03 ];
Tc_error_16  = [ 2.459856e+00 ; 2.212149e+00 ; 1.856429e+00 ];

%-- Image #17:
omc_17 = [ NaN ; NaN ; NaN ];
Tc_17  = [ NaN ; NaN ; NaN ];
omc_error_17 = [ NaN ; NaN ; NaN ];
Tc_error_17  = [ NaN ; NaN ; NaN ];

%-- Image #18:
omc_18 = [ NaN ; NaN ; NaN ];
Tc_18  = [ NaN ; NaN ; NaN ];
omc_error_18 = [ NaN ; NaN ; NaN ];
Tc_error_18  = [ NaN ; NaN ; NaN ];

%-- Image #19:
omc_19 = [ NaN ; NaN ; NaN ];
Tc_19  = [ NaN ; NaN ; NaN ];
omc_error_19 = [ NaN ; NaN ; NaN ];
Tc_error_19  = [ NaN ; NaN ; NaN ];

%-- Image #20:
omc_20 = [ 2.105783e+00 ; 2.078051e+00 ; -2.716911e-01 ];
Tc_20  = [ -1.121865e+02 ; -1.020128e+02 ; 4.053550e+02 ];
omc_error_20 = [ 4.364109e-03 ; 4.666651e-03 ; 9.500702e-03 ];
Tc_error_20  = [ 2.146290e+00 ; 1.930898e+00 ; 2.010172e+00 ];

%-- Image #21:
omc_21 = [ NaN ; NaN ; NaN ];
Tc_21  = [ NaN ; NaN ; NaN ];
omc_error_21 = [ NaN ; NaN ; NaN ];
Tc_error_21  = [ NaN ; NaN ; NaN ];

%-- Image #22:
omc_22 = [ NaN ; NaN ; NaN ];
Tc_22  = [ NaN ; NaN ; NaN ];
omc_error_22 = [ NaN ; NaN ; NaN ];
Tc_error_22  = [ NaN ; NaN ; NaN ];

%-- Image #23:
omc_23 = [ NaN ; NaN ; NaN ];
Tc_23  = [ NaN ; NaN ; NaN ];
omc_error_23 = [ NaN ; NaN ; NaN ];
Tc_error_23  = [ NaN ; NaN ; NaN ];

%-- Image #24:
omc_24 = [ NaN ; NaN ; NaN ];
Tc_24  = [ NaN ; NaN ; NaN ];
omc_error_24 = [ NaN ; NaN ; NaN ];
Tc_error_24  = [ NaN ; NaN ; NaN ];

%-- Image #25:
omc_25 = [ NaN ; NaN ; NaN ];
Tc_25  = [ NaN ; NaN ; NaN ];
omc_error_25 = [ NaN ; NaN ; NaN ];
Tc_error_25  = [ NaN ; NaN ; NaN ];

%-- Image #26:
omc_26 = [ NaN ; NaN ; NaN ];
Tc_26  = [ NaN ; NaN ; NaN ];
omc_error_26 = [ NaN ; NaN ; NaN ];
Tc_error_26  = [ NaN ; NaN ; NaN ];

%-- Image #27:
omc_27 = [ NaN ; NaN ; NaN ];
Tc_27  = [ NaN ; NaN ; NaN ];
omc_error_27 = [ NaN ; NaN ; NaN ];
Tc_error_27  = [ NaN ; NaN ; NaN ];

%-- Image #28:
omc_28 = [ NaN ; NaN ; NaN ];
Tc_28  = [ NaN ; NaN ; NaN ];
omc_error_28 = [ NaN ; NaN ; NaN ];
Tc_error_28  = [ NaN ; NaN ; NaN ];

%-- Image #29:
omc_29 = [ NaN ; NaN ; NaN ];
Tc_29  = [ NaN ; NaN ; NaN ];
omc_error_29 = [ NaN ; NaN ; NaN ];
Tc_error_29  = [ NaN ; NaN ; NaN ];

%-- Image #30:
omc_30 = [ NaN ; NaN ; NaN ];
Tc_30  = [ NaN ; NaN ; NaN ];
omc_error_30 = [ NaN ; NaN ; NaN ];
Tc_error_30  = [ NaN ; NaN ; NaN ];

%-- Image #31:
omc_31 = [ NaN ; NaN ; NaN ];
Tc_31  = [ NaN ; NaN ; NaN ];
omc_error_31 = [ NaN ; NaN ; NaN ];
Tc_error_31  = [ NaN ; NaN ; NaN ];

%-- Image #32:
omc_32 = [ NaN ; NaN ; NaN ];
Tc_32  = [ NaN ; NaN ; NaN ];
omc_error_32 = [ NaN ; NaN ; NaN ];
Tc_error_32  = [ NaN ; NaN ; NaN ];

%-- Image #33:
omc_33 = [ NaN ; NaN ; NaN ];
Tc_33  = [ NaN ; NaN ; NaN ];
omc_error_33 = [ NaN ; NaN ; NaN ];
Tc_error_33  = [ NaN ; NaN ; NaN ];

%-- Image #34:
omc_34 = [ NaN ; NaN ; NaN ];
Tc_34  = [ NaN ; NaN ; NaN ];
omc_error_34 = [ NaN ; NaN ; NaN ];
Tc_error_34  = [ NaN ; NaN ; NaN ];

%-- Image #35:
omc_35 = [ NaN ; NaN ; NaN ];
Tc_35  = [ NaN ; NaN ; NaN ];
omc_error_35 = [ NaN ; NaN ; NaN ];
Tc_error_35  = [ NaN ; NaN ; NaN ];

%-- Image #36:
omc_36 = [ NaN ; NaN ; NaN ];
Tc_36  = [ NaN ; NaN ; NaN ];
omc_error_36 = [ NaN ; NaN ; NaN ];
Tc_error_36  = [ NaN ; NaN ; NaN ];

%-- Image #37:
omc_37 = [ NaN ; NaN ; NaN ];
Tc_37  = [ NaN ; NaN ; NaN ];
omc_error_37 = [ NaN ; NaN ; NaN ];
Tc_error_37  = [ NaN ; NaN ; NaN ];

%-- Image #38:
omc_38 = [ NaN ; NaN ; NaN ];
Tc_38  = [ NaN ; NaN ; NaN ];
