0.0702581268843922857048056584972073324024677276611328125 0.4662331849124943250473052103188820183277130126953125 -0.88186757106327939848000596612109802663326263427734375 -0.055369032602064098547156589802398229949176311492919921875
-0.7392541495477489288390415822505019605159759521484375 0.617897719646039345064991721301339566707611083984375 0.267779219568395066009003357976325787603855133056640625 0.036714554442533069156251457343387301079928874969482421875
0.66975151958254708350892769885831512510776519775390625 0.63311059487468390738484913526917807757854461669921875 0.38807715299189238233878995742998085916042327880859375 -0.056560200700365388659651699754249420948326587677001953125
0.0013703356289134598078316429337064619176089763641357421875 0.4675882914547611068911692200344987213611602783203125 -0.88394531045460122964385618615779094398021697998046875 -0.055051109238762711839410002312433789484202861785888671875
-0.73796981281349405268343843999900855123996734619140625 0.5969888533608631586702131244237534701824188232421875 0.314650384298030327823170182455214671790599822998046875 0.03689148214898552158302891257335431873798370361328125
0.6748323329215046850748649376328103244304656982421875 0.651893778661293055165515397675335407257080078125 0.34588411901447602136983050513663329184055328369140625 -0.056440847706510664794077314354581176303327083587646484375
-0.066191251268532036444725008550449274480342864990234375 0.465403785978526995936732646441669203341007232666015625 -0.8826199829215057857112469719140790402889251708984375 -0.0488941426688105640341319713115808553993701934814453125
-0.733768916212802491116917735780589282512664794921875 0.57672110346329741314974626220646314322948455810546875 0.3591322130079193097884626695304177701473236083984375 0.039119857177486415389378038298673345707356929779052734375
0.676167062089980230865648991311900317668914794921875 0.6714105188459067452555473209940828382968902587890625 0.303324940167594536699624541142839007079601287841796875 -0.058881781103921025655179022351148887537419795989990234375
-0.13454794080914656007053054054267704486846923828125 0.4644138179692316459323819799465127289295196533203125 -0.87533802459578968768738604921963997185230255126953125 -0.049853683758430515637893876146335969679057598114013671875
-0.72670821657631112788777727473643608391284942626953125 0.5542888059479336160251250475994311273097991943359375 0.405782069048511384590227635271730832755565643310546875 0.0403557417323337219716705703831394203007221221923828125
0.673640868404297155080939774052239954471588134765625 0.690712476563189792244656928232870995998382568359375 0.2629149199559608351961514927097596228122711181640625 -0.062320407218288929873661885494584566913545131683349609375
-0.201358790621774252915798797403112985193729400634765625 0.458912028741961908195889918715693056583404541015625 -0.86536373122246867950480009312741458415985107421875 -0.04650516488319854369049011211245669983327388763427734375
-0.71586698660934067195427132901386357843875885009765625 0.53406167320001662890405214056954719126224517822265625 0.44979171479881718820337255237973295152187347412109375 0.0413283338449506321143900322567787952721118927001953125
0.66857243057293225252379897938226349651813507080078125 0.71005484231482796086964981441269628703594207763671875 0.220981958501290709495634700942900963127613067626953125 -0.06345810003910042074171116155412164516746997833251953125
-0.279459920996494748379745942656882107257843017578125 0.451474726581191088126132626712205819785594940185546875 -0.84739171804725088588128301125834695994853973388671875 -0.0448617218708209086752702887679333798587322235107421875
-0.698714841230635652635783117148093879222869873046875 0.50970818798487760314941397155052982270717620849609375 0.50199116899126827728849775667185895144939422607421875 0.04529825045083572809812011428221012465655803680419921875
0.658558822885761951937411140534095466136932373046875 0.73237158216277842281982657368644140660762786865234375 0.17300908195730102523413052040268667042255401611328125 -0.066441039665584289419797414666390977799892425537109375
-0.36231690472056332641415110629168339073657989501953125 0.440323149370765332122346080723218619823455810546875 -0.821487665568948699501561350189149379730224609375 -0.042555799293806019500951975942371063865721225738525390625
-0.67449944209162515651456715204403735697269439697265625 0.4844087903101044201292779689538292586803436279296875 0.5571342984311657975382559015997685492038726806640625 0.0442842861169088219952527651912532746791839599609375
0.64325497524060892828856594860553741455078125 0.75595214663265009047421472132555209100246429443359375 0.121488225066019028819397362894960679113864898681640625 -0.067436901222354184159968326639500446617603302001953125
-0.4272374891989212386533836252056062221527099609375 0.428572744903602809163345455090166069567203521728515625 -0.79611150610250114301180701659177429974079132080078125 -0.039774689179603452127143015104593359865248203277587890625
-0.652515686743497358435206479043699800968170166015625 0.463346822739992447726109503491898067295551300048828125 0.59961070738472954655406965684960596263408660888671875 0.04918817659029796340863782688757055439054965972900390625
0.62585254363680864475583121020463295280933380126953125 0.7756514192487145020749039758811704814434051513671875 0.0816913057845880252738623994446243159472942352294921875 -0.07243699818658645706026533162003033794462680816650390625
-0.50233890367475364513438762514851987361907958984375 0.41157293438428077525514936496620066463947296142578125 -0.76043628631014115182296109196613542735576629638671875 -0.036395214337741788046542978918296284973621368408203125
-0.62047756360975026002080312537145800888538360595703125 0.44092915029016477301837539926054887473583221435546875 0.64852839373561843583360086995526216924190521240234375 0.0525686907425689520234612928106798790395259857177734375
0.60221525961383182146136050505447201430797576904296875 0.79761469652126237850353618341614492237567901611328125 0.03387590561947195766379081760533154010772705078125 -0.074248237060881072668649949264363385736942291259765625
-0.56493988405606165859040856958017684519290924072265625 0.3953214139608849375662202874082140624523162841796875 -0.72426784207687300298772470341646112501621246337890625 -0.03305106436896908250755444669266580604016780853271484375
-0.588942620352168599850983810028992593288421630859375 0.421591201871175325077700790643575601279735565185546875 0.6894979684071149694801761143025942146778106689453125 0.05374170118486561176229798775239032693207263946533203125
0.57791826181169003717741361469961702823638916015625 0.81607710307836978103068759082816541194915771484375 -0.005352055284709666960196727814036421477794647216796875 -0.07662240570308755105433107246426516212522983551025390625
-0.6338504937572164710246624963474459946155548095703125 0.373695613988010266748318599638878367841243743896484375 -0.67718914614002534424486157149658538401126861572265625 -0.0296081604228209671614280296125798486173152923583984375
-0.54896937703925718921027510077692568302154541015625 0.39940351927463113579364062388776801526546478271484375 0.73424073154801827723048290863516740500926971435546875 0.05699229207724432200166120310313999652862548828125
0.54485426917375134880927589620114304125308990478515625 0.83715495392260752538504675612784922122955322265625 -0.04801466948729427031139493919909000396728515625 -0.0809162117095605371019928497844375669956207275390625
-0.6901873446338526729704199169646017253398895263671875 0.355373843210283979487940086983144283294677734375 -0.63035772452570426604978592877159826457500457763671875 -0.033049842029685250199833035367191769182682037353515625
-0.5087920755236272629673521805671043694019317626953125 0.3811065345107154112014313795953057706356048583984375 0.77193810194703560423334920415072701871395111083984375 0.05959285751700189870394552826837752945721149444580078125
0.51456005790542158617739687542780302464962005615234375 0.8535029237883049457735751275322400033473968505859375 -0.08222351180279208193724116426892578601837158203125 -0.08430321738240874329672891462905681692063808441162109375
-0.74364416103694208626251338500878773629665374755859375 0.330929876579942161551883827996789477765560150146484375 -0.58092923712139554748290493080276064574718475341796875 -0.02864189765305590051891471148337586782872676849365234375
-0.467621513165463909000862940956722013652324676513671875 0.363557379599287744387225984610267914831638336181640625 0.8057022726564329051512913792976178228855133056640625 0.06682092517958448940618154665571637451648712158203125
0.47783206483084017524021192002692259848117828369140625 0.8708107994999163548044407434645108878612518310546875 -0.115607392902928707290044485489488579332828521728515625 -0.088506868368301960803279371248208917677402496337890625
-0.7906643958585568565666790163959376513957977294921875 0.308546782591039681076239276080741547048091888427734375 -0.5288182070185751815216690374654717743396759033203125 -0.02778265451495674775994615401941700838506221771240234375
-0.423188357739179898953096881086821667850017547607421875 0.34876775673745463723918192044948227703571319580078125 0.8362252482042975554321628806064836680889129638671875 0.0685227612513480688338773916257196106016635894775390625
0.4424493496386212587623276704107411205768585205078125 0.884963239243891308660749928094446659088134765625 -0.14518484146535393097821042829309590160846710205078125 -0.09132174322089571527616413959549390710890293121337890625
-0.84655685798392799057410229579545557498931884765625 0.275409080551732021735489297498133964836597442626953125 -0.455512156314218430441798091123928315937519073486328125 -0.023879611452618625111465888721795636229217052459716796875
-0.361334628235776167404225134305306710302829742431640625 0.33105186606328673715182731029926799237728118896484375 0.87168913519311974624770300579257309436798095703125 0.07040029962724077272628875334703479893505573272705078125
0.39086925261280514032335986485122703015804290771484375 0.9025267310864897307709497908945195376873016357421875 -0.1807393898303353008127913881253334693610668182373046875 -0.09353502975377624151231970017761341296136379241943359375
-0.8814125267992982681874991612858138978481292724609375 0.249303837164608854681802085906383581459522247314453125 -0.40119765001340434995569239617907442152500152587890625 -0.019353915757534152775054536732568521983921527862548828125
-0.3161326513915467817383841975242830812931060791015625 0.319736432831049965930247935830266214907169342041015625 0.893212606407133957731048212735913693904876708984375 0.0740564399989162291948474603486829437315464019775390625
0.3509588356565862543590128552750684320926666259765625 0.91412045721309453938374645076692104339599609375 -0.2030066141264758317053207292701699770987033843994140625 -0.0947136579025773250872788366905297152698040008544921875
-0.914906376364309270599051160388626158237457275390625 0.221312227316610876659552786804852075874805450439453125 -0.33759031462423416680707077830447815358638763427734375 -0.017198467030600607385881772870561690069735050201416015625
-0.26232159877833882699604828303563408553600311279296875 0.309684464320128916003938002177164889872074127197265625 0.9139381332306528715747617752640508115291595458984375 0.0725097620798583475387744101681164465844631195068359375
0.30681215963893126996708815568126738071441650390625 0.924725056759529540073572206893004477024078369140625 -0.2252773137685628868087661658137221820652484893798828125 -0.0959083383379330800533324463685858063399791717529296875
-0.94695353363117196199283398527768440544605255126953125 0.185880663850995275776512016818742267787456512451171875 -0.262159081379512881593285555936745367944240570068359375 -0.01219994325723448846954255486707552336156368255615234375
-0.1995970332631973320758334011770784854888916015625 0.299166954731141299106411679531447589397430419921875 0.9330917197732626622297402718686498701572418212890625 0.0759125576286096281908299943097517825663089752197265625
0.25187304233674334685844087289297021925449371337890625 0.9359206761276344099798052411642856895923614501953125 -0.24619597588267883025991977774538099765777587890625 -0.0964901233637177890845038064071559347212314605712890625
-0.97090106543531284888359778051380999386310577392578125 0.14986531533231561841290613301680423319339752197265625 -0.1867926882854885339835249169482267461717128753662109375 -0.005961780260094327876796427290173596702516078948974609375
-0.1369902406648859649607175015262328088283538818359375 0.29221799503011813836650389930582605302333831787109375 0.94648947027590024649867928019375540316104888916015625 0.07509004586312018059146566884010098874568939208984375
0.196430127778685459372098875974188558757305145263671875 0.9445364104368467739192283261218108236789703369140625 -0.2631846770994197282078630450996570289134979248046875 -0.0964013635565469650945402690922492183744907379150390625
-0.98408286186339299916880918317474424839019775390625 0.121884105563429046004131350855459459125995635986328125 -0.1293258898974109227797413268490345217287540435791015625 -0.000200885247456268623000852358018164522945880889892578125
-0.08953976586645151503063289055717177689075469970703125 0.288538427560595833742951299427659250795841217041015625 0.95327236724319208693856353420414961874485015869140625 0.07495391211332336212080917903222143650054931640625
0.153504238753642940906729563721455633640289306640625 0.94967880919385638804897098452784121036529541015625 -0.2730322472764032948333579042810015380382537841796875 -0.09627726282589695039337840398729895241558551788330078125
-0.9950314837938896150859591216430999338626861572265625 0.085051693030214814417178104122285731136798858642578125 -0.051754765689975446019133187292027287185192108154296875 0.005352174826938692342448433691970421932637691497802734375
-0.02545226635685271521225558899459429085254669189453125 0.28525221708370462891934948856942355632781982421875 0.95811447895652357420459566128556616604328155517578125 0.07413388867995751585482366863288916647434234619140625
0.096252420209727629352158828623942099511623382568359375 0.954671347722097163313037526677362620830535888671875 -0.28167017847518904805070860675186850130558013916015625 -0.09675409447665374307323560287841246463358402252197265625
-0.99841290625898981847541335810092277824878692626953125 0.052048082860699118601388590832357294857501983642578125 0.021509664944008688447496524531743489205837249755859375 0.007925455140802416253986706351497559808194637298583984375
0.035484025891935166985291516539291478693485260009765625 0.284792608143822623123497805863735266029834747314453125 0.9579321762281185481668899228679947555065155029296875 0.07307686375083825847109864071171614341437816619873046875
0.043732739703547018894624898166512139141559600830078125 0.95717509757471486153690420906059443950653076171875 -0.286187491097806390172308965702541172504425048828125 -0.09634344715684230175956059838426881469786167144775390625
-0.9965352152700528431950033336761407554149627685546875 0.02528485696309223929034715183661319315433502197265625 0.0792353502865043302083591925111250020563602447509765625 0.010319464057339737539376045560857164673507213592529296875
0.08316004739457205641173231924767605960369110107421875 0.28682887576837778897953512569074518978595733642578125 0.95436554974641663040557659769547171890735626220703125 0.06835654199946723796887937396604684181511402130126953125
0.001404009972049424792572835940518416464328765869140625 0.95764809404801909398230463921208865940570831298828125 -0.287937765362923647760595713407383300364017486572265625 -0.09392179194737669545300917661734274588525295257568359375
-0.98962498114896113587946047118748538196086883544921875 -0.00459171284790083067406385453068651258945465087890625 0.1436012286125733783404001542294281534850597381591796875 0.014108588877481086087950501450904994271695613861083984375
0.13612454848579635946492771836346946656703948974609375 0.289774365631442432089670546702109277248382568359375 0.94736525391341697144298450439237058162689208984375 0.06878048289208117671567066508941934444010257720947265625
-0.045961984133153166443008785790880210697650909423828125 0.95708397395213840042060837731696665287017822265625 -0.28614290628727168108724754347349517047405242919921875 -0.09375371405168340943614424531915574334561824798583984375
-0.97548161804820165965423939269385300576686859130859375 -0.037959894768928525987661259932792745530605316162109375 0.216782515990553203977242446853779256343841552734375 0.016596561381971929038936508504775702022016048431396484375
0.1964168192349091957016327114615705795586109161376953125 0.29417401552866329073054885157034732401371002197265625 0.93535131459221376726276275803684256970882415771484375 0.0677470398518367489248959145697881467640399932861328125
-0.099277620699247226543349142957595176994800567626953125 0.9549977460585303834506021303241141140460968017578125 -0.27950538286663240139517938587232492864131927490234375 -0.0942042162625919832219523186722653917968273162841796875
-0.955837695201971815350816541467793285846710205078125 -0.070191686266837916008398678968660533428192138671875 0.2853899570937981078344591878703795373439788818359375 0.02049551804366711582616744635743089020252227783203125
0.2525268631835160260123984699021093547344207763671875 0.30061345655015736522130964658572338521480560302734375 0.9197074171233261541402725924854166805744171142578125 0.067830929725330835200480805724509991705417633056640625
-0.15034787594667220478328317767591215670108795166015625 0.95115964849229384103779239012510515749454498291015625 -0.269612387101074713058324050507508218288421630859375 -0.09474359698747784885863865156352403573691844940185546875
-0.93513247854064029951359771075658500194549560546875 -0.095955544397238856646481508505530655384063720703125 0.341056859010148649691274158612941391766071319580078125 0.02325497630778515512073312265783897601068019866943359375
0.29832849667480709765499113927944563329219818115234375 0.30602022245112348031170768081210553646087646484375 0.90407506962791206461815818329341709613800048828125 0.0696921826580768344339134046094841323792934417724609375
-0.1911213113448850808850920657278038561344146728515625 0.94717694067708080307710361012141220271587371826171875 -0.257543175796636159002872545897844247519969940185546875 -0.0968517781467461980060562609651242382824420928955078125
-0.911342385097661189519158142502419650554656982421875 -0.121596948086760636709158234225469641387462615966796875 0.39328010290439541218887598006404004991054534912109375 0.027467994436127012025661286998001742176711559295654296875
0.34046064856378499552391758697922341525554656982421875 0.314376410743428369443108749692328274250030517578125 0.886145597036743115637591472477652132511138916015625 0.0678949508093315834411640707912738434970378875732421875
-0.231390587328078323192670495700440369546413421630859375 0.941478440849319309080556195112876594066619873046875 -0.245105572176362473957311749472864903509616851806640625 -0.0960741937863418826726302768292953260242938995361328125
-0.879620957321850749366376476245932281017303466796875 -0.1492828293316527943357385765921208076179027557373046875 0.45164323122009408795207718867459334433078765869140625 0.030288197518556998766303678394251619465649127960205078125
0.387876780546260846449513337574899196624755859375 0.324518200089596808854963683188543654978275299072265625 0.86269319049339665550490963141783140599727630615234375 0.0679935978734415302771054712138720788061618804931640625
-0.27535172880019931351824880039202980697154998779296875 0.9340249325780038969213592281448654830455780029296875 -0.227549666599176581005536945667699910700321197509765625 -0.09613174145063733966320995705245877616107463836669921875
-0.84150382713960547587106475475593470036983489990234375 -0.17832000616569787521115131312399171292781829833984375 0.50997380747491571906238050360116176307201385498046875 0.03351878532297895840752488538782927207648754119873046875
0.4346201882069278266129686016938649117946624755859375 0.337246718515601118237867694915621541440486907958984375 0.8350867876175704918040310076321475207805633544921875 0.06412917224182969333501347364290268160402774810791015625
-0.32089967421668019742497790502966381609439849853515625 0.924373639959255921638714426080696284770965576171875 -0.20629292968035561894879492683685384690761566162109375 -0.094256647374560242891305961165926419198513031005859375
-0.800316932020000759706590542919002473354339599609375 -0.204201157222522911016682201079674996435642242431640625 0.56373282298538895940254178640316240489482879638671875 0.03792861377488983276595746474413317628204822540283203125
0.47769390466044436838188858018838800489902496337890625 0.3510616139594595619399797215010039508342742919921875 0.805334884786718330218491246341727674007415771484375 0.0640482827305650648241908129421062767505645751953125
-0.3623552701042880297421788782230578362941741943359375 0.9138148776383328009131901126238517463207244873046875 -0.183414905704216535387018893743515945971012115478515625 -0.0941408544203429509256153551177703775465488433837890625
-0.7648872931346615278158651562989689409732818603515625 -0.2248860498347349246017756740911863744258880615234375 0.60363374109708256565198780663195066154003143310546875 0.042141837989593887436878816288299276493489742279052734375
0.5090621111999948933402038164786063134670257568359375 0.363180346811986520805248801480047404766082763671875 0.7803562024038310784845862144720740616321563720703125 0.06359107243358741445860005114809609949588775634765625
-0.39471913526168778130198688813834451138973236083984375 0.9041716099719423471725576746393926441669464111328125 -0.163311065084430551141991827535093761980533599853515625 -0.09316270639692690591626700324923149310052394866943359375
-0.72030241573493414275475288377492688596248626708984375 -0.24622081198591316830714958996395580470561981201171875 0.6484903558507368881436150331865064799785614013671875 0.04607615971782454133975903687314712442457675933837890625
0.54512972120467939607380003508296795189380645751953125 0.3771875637548713910973674501292407512664794921875 0.74870763907414017435115738408057950437068939208984375 0.0661062358674269490155239736850489862263202667236328125
-0.42894990027475998761730124897439964115619659423828125 0.89280728799313802124260064374539069831371307373046875 -0.1374668307651377985312279861318529583513736724853515625 -0.093252950134251111347083451619255356490612030029296875
-0.67390361907805829133621955406852066516876220703125 -0.266109193515566999632682154697249643504619598388671875 0.68923131771560530722808834980241954326629638671875 0.0477204329526519088755520670019905082881450653076171875
0.57731771594914771394968511231127195060253143310546875 0.392471143552618306760138011668459512293338775634765625 0.7160102347940000555581718799658119678497314453125 0.06435933220140153954158535043461597524583339691162109375
-0.461040309566044748113000650846515782177448272705078125 0.8804273386288017366752001180429942905902862548828125 -0.11085817223033676837129490877487114630639553070068359375 -0.0909003475817502792910573816698160953819751739501953125
-0.6111814783825071373257742379792034626007080078125 -0.288405397556469822450964102245052345097064971923828125 0.73707498067867394109242695776629261672496795654296875 0.049424611503720621008550750730137224309146404266357421875
0.6155378937820346063602983122109435498714447021484375 0.412227030751724787815959416548139415681362152099609375 0.6717008087206635114085884197265841066837310791015625 0.06268033248173920934931402371148578822612762451171875
-0.497564369504639725239059089290094561874866485595703125 0.86422867447100559790129636894562281668186187744140625 -0.07442107511679053877262646210510865785181522369384765625 -0.0899750139161606676818649930282845161855220794677734375
-0.5591767082845275904645632181200198829174041748046875 -0.30524634889916146818222841829992830753326416015625 0.7708087151789422275527385863824747502803802490234375 0.050193834561791217385717800425481982529163360595703125
0.6423614677761992908244792488403618335723876953125 0.428252917264784038753333561544422991573810577392578125 0.635587274550559744312749899108894169330596923828125 0.0632171967073043850060543036306626163423061370849609375
-0.52411177589182933456157797991181723773479461669921875 0.85054341766774810285056673819781281054019927978515625 -0.04339056387717687979233005535206757485866546630859375 -0.0887648981381747859131792210973799228668212890625
-0.50550244132748745062855277865310199558734893798828125 -0.3203361351117675059896328093600459396839141845703125 0.801156690263275184094027281389571726322174072265625 0.054747227279874223493383311733850860036909580230712890625
0.66589638562460873316695142420940101146697998046875 0.44561965386777535602647049017832614481449127197265625 0.5983352970524522529416344696073792874813079833984375 0.060442771238779009757013938042291556484997272491455078125
-0.54867958356770729633211658438085578382015228271484375 0.8359472977577111496572115356684662401676177978515625 -0.011951148377788205212635119778497028164565563201904296875 -0.0870464420782226244721613284127670340240001678466796875
-0.448466891093194541806354891377850435674190521240234375 -0.334094515652863688348617188239586539566516876220703125 0.82901043552170250450217281468212604522705078125 0.0567958035212023926163737996830604970455169677734375
0.68776698101597222301251122189569287002086639404296875 0.463376277190764351843199619906954467296600341796875 0.5588014008223340933767531168996356427669525146484375 0.06087760852198474681440387712427764199674129486083984375
-0.57083625271822013846900745193124748766422271728515625 0.8207699314348120278594933552085421979427337646484375 0.021970257966483060230178381289078970439732074737548828125 -0.0858030141605954643768683354210224933922290802001953125
-0.38670318737543840637016501204925589263439178466796875 -0.347215996627784184713760851082042790949344635009765625 0.8543428448576431133432151909801177680492401123046875 0.058878172721032011327491062502303975634276866912841796875
0.7071785844644058460772839680430479347705841064453125 0.4829649978335968096843089369940571486949920654296875 0.51637511611474173900404593950952403247356414794921875 0.058750368217347644084203039938074653036892414093017578125
-0.5919113907913884364830892081954516470432281494140625 0.80385686695665448109338058202411048114299774169921875 0.05877961294561073746223200942040421068668365478515625 -0.08397198268390881903400213559507392346858978271484375
-0.320943717617480306358856978476978838443756103515625 -0.3573286001456505989182232951861806213855743408203125 0.877103985648121753371242448338307440280914306640625 0.060333335905815077548908220705925486981868743896484375
0.72428700006978841141602742936811409890651702880859375 0.5041149049219908473418172434321604669094085693359375 0.4704003658219224615066877959179691970348358154296875 0.05605030662961581200409710845633526332676410675048828125
-0.61024869655885149999363648021244443953037261962890625 0.78624705668984351536465737808612175285816192626953125 0.0970159481465839024227904019426205195486545562744140625 -0.082568027314786240911104187034652568399906158447265625
-0.26668423127006379846903882935293950140476226806640625 -0.3649834478333537912675410552765242755413055419921875 0.8920014594156067122554532033973373472690582275390625 0.06228511034962459780306431866847560741007328033447265625
0.735084463700141466091508846147917211055755615234375 0.52154715421356889759607611267711035907268524169921875 0.43317363396033592426448421974782831966876983642578125 0.053240387797957276772020662747308961115777492523193359375
-0.6233220291459062867289731002529151737689971923828125 0.77121699199343740627199395021307282149791717529296875 0.12920526011747457406642070054658688604831695556640625 -0.0806848571490512700421504632686264812946319580078125
-0.210296667553199034816913126633153297007083892822265625 -0.37086865655064971125653983108350075781345367431640625 0.90456163482890161731120315380394458770751953125 0.0640190862197290433410756804732955060899257659912109375
0.7438947335450720732552554181893356144428253173828125 0.53965368001470992442847318670828826725482940673828125 0.394201130199403504406063802889548242092132568359375 0.05255456478901975037043570182504481635987758636474609375
-0.63434685860333950291334303983603604137897491455078125 0.755797820342780202196308891871012747287750244140625 0.16239986990505050901134609375731088221073150634765625 -0.0785429887526228609484491016701213084161281585693359375
-0.160521260608601057384703381103463470935821533203125 -0.3748238544108766223672546402667649090290069580078125 0.91309364418837091204039779768208973109722137451171875 0.064409807425378107215152567732729949057102203369140625
0.7492130721751826261112228166894055902957916259765625 0.5559863929287545136759263186831958591938018798828125 0.35994291680750778450459392843185923993587493896484375 0.0505029966608433744656991848387406207621097564697265625
-0.64258283308414776424655201481073163449764251708984375 0.74188018509908015829523719730786979198455810546875 0.1915752948135632516279969195238663814961910247802734375 -0.0769833829975389571931287946426891721785068511962890625
-0.0918318869156899697525631154348957352340221405029296875 -0.379148694067648672767489870238932780921459197998046875 0.92076770812854868974994815289392136037349700927734375 0.06609711370603670033130327965409378521144390106201171875
0.7540251956415087164486976689659059047698974609375 0.5774785120581513719884014790295623242855072021484375 0.31299292715473259196556909955688752233982086181640625 0.04792290933945846098662713075100327841937541961669921875
-0.65039442562439619965886095087626017630100250244140625 0.7230247823538966667200611482257954776287078857421875 0.2328567268060161288278919755612150765955448150634765625 -0.0744592883261076809997547343300539068877696990966796875
-0.025041880803530168486670248739756061695516109466552734375 -0.3807198413075780774050826948950998485088348388671875 0.924351289629951278215003185323439538478851318359375 0.06606924118840229454008294851519167423248291015625
0.7540101045268581270164531815680675208568572998046875 0.59991812002840294582028946024365723133087158203125 0.26752011425869104410679710781550966203212738037109375 0.0432560217423740567266321477291057817637920379638671875
-0.65638530336778411200526761604123748838901519775390625 0.7036694193272288178064854946569539606571197509765625 0.27204352928614661255579676435445435345172882080078125 -0.07056741094315517603963172632575151510536670684814453125
0.0154613515101388494799028450188416172750294208526611328125 -0.381863249745055088890666183942812494933605194091796875 0.92408950059159600254332644908572547137737274169921875 0.0685509155622312515987459846655838191509246826171875
0.75359894571921592909546916416729800403118133544921875 0.611863451308189976174389812513254582881927490234375 0.240232691289334054918214178542257286608219146728515625 0.045750008541458685173974885174175142310559749603271484375
-0.65715262734038148995097117222030647099018096923828125 0.6926785513117723613873977228649891912937164306640625 0.297231978313669653601891695871017873287200927734375 -0.07033476880662681285372173078940249979496002197265625
0.0828096397715416820961564781100605614483356475830078125 -0.380123883701382447863892366513027809560298919677734375 0.92122114424316425829175614126143045723438262939453125 0.0673790235579108109931212311494164168834686279296875
0.74833648593974999574385265077580697834491729736328125 0.6341882339423918768517296484787948429584503173828125 0.19441653155114246853685244786902330815792083740234375 0.03865566682744080162503763631320907734334468841552734375
-0.6581299775669344764850166029646061360836029052734375 0.67328383091294241591384661660413257777690887451171875 0.33697747055098237201065103363362140953540802001953125 -0.06667724473710211208210552058517350815236568450927734375
0.161661913346178243156003873082227073609828948974609375 -0.376114883733958293987598153762519359588623046875 0.9123612332881332331879775665584020316600799560546875 0.06650861841057220669171101690153591334819793701171875
0.73859053279675734859921476527233608067035675048828125 0.65926437767319912008900928412913344800472259521484375 0.14090601546481862360593595440150238573551177978515625 0.03640881916119061145753477148900856263935565948486328125
-0.6544841103008192106926799169741570949554443359375 0.6510822333353603053041069870232604444026947021484375 0.384372833065481589454037703035282902419567108154296875 -0.0641095918015760213304332637562765739858150482177734375
0.2295612299712581627630925140692852437496185302734375 -0.370551970410901210239984493455267511308193206787109375 0.899996043835016745759958212147466838359832763671875 0.06505057619895028564460659481483162380754947662353515625
0.72615826646361136820218007414950989186763763427734375 0.6809144589366875610636498095118440687656402587890625 0.095129762206792312095871011479175649583339691162109375 0.033532433880334562570357803679144126363098621368408203125
-0.64807084006352722038712954599759541451930999755859375 0.63170146179627995053351696697063744068145751953125 0.4253909371669752914613127359189093112945556640625 -0.06183979694891948708512785515267751179635524749755859375
0.31664754157836416670335211165365763008594512939453125 -0.3597497535211584551717578506213612854480743408203125 0.87767559454153865061698525096289813518524169921875 0.06351309142162921139718179119881824590265750885009765625
0.7048606437947741998328865520306862890720367431640625 0.70842775810918545698058323978330008685588836669921875 0.0360774773176963103882286532098078168928623199462890625 0.0294353810412990406220057337804973940365016460418701171875
-0.634748617360915812213306708144955337047576904296875 0.60721514011251198628116299005341716110706329345703125 0.47789535086308065903182296096929349005222320556640625 -0.05914422769183491634947813508915714919567108154296875
0.3870165777115059935198360108188353478908538818359375 -0.3487155607993701611491133007803000509738922119140625 0.85358984660834291702258269651792943477630615234375 0.06219026918157154193433910904786898754537105560302734375
0.68290304563317205666095333072007633745670318603515625 0.730422711780876365850190268247388303279876708984375 -0.011229086321182080165925754045019857585430145263671875 0.0269835857999594086464867359609343111515045166015625
-0.6195656533745326211004567085183225572109222412109375 0.5872649485292402715685966541059315204620361328125 0.52082461672576185751637467546970583498477935791015625 -0.05745158047102742748801773586819763295352458953857421875
0.46048986853521889361928742800955660641193389892578125 -0.3340382991460455475163371374947018921375274658203125 0.82241564654378584986460509753669612109661102294921875 0.0600126112819936718967284150494378991425037384033203125
0.6552321012436015390534294056124053895473480224609375 0.752956404269612189494864651351235806941986083984375 -0.0610536384605426807326011839904822409152984619140625 0.0266863995499539673195155131679712212644517421722412109375
-0.598848874488640436908326591947115957736968994140625 0.56698771412879189757205722344224341213703155517578125 0.56560141226016702464818308726535178720951080322265625 -0.05680465669879632140126801687074475921690464019775390625
0.5270921566985482531464413114008493721485137939453125 -0.31952375458301840449593100856873206794261932373046875 0.78745058803968392968641865081735886633396148681640625 0.05910487661079787125029127992092981003224849700927734375
0.62433561002950221929808094500913284718990325927734375 0.77423615663532974195959468488581478595733642578125 -0.103746902641198401884281565799028612673282623291015625 0.0228276191573764421216541364856311702169477939605712890625
-0.57652311696580083033580876872292719781398773193359375 0.54631762191578958631765772224753163754940032958984375 0.607583863831416604028845540597103536128997802734375 -0.053368455739909836932355347016709856688976287841796875
0.59885507487140599014452391202212311327457427978515625 -0.30044948282560757224501912787673063576221466064453125 0.742362921737466319171971917967312037944793701171875 0.0576101610876124381466212298619211651384830474853515625
0.58576886907921943414834231589338742196559906005859375 0.796439336383004903296978227444924414157867431640625 -0.1501972552327479615286165426368825137615203857421875 0.020786785671761905114340862610333715565502643585205078125
-0.546120345087431235953090435941703617572784423828125 0.52479947764038781254924970198771916329860687255859375 0.65294569219036968643621321461978368461132049560546875 -0.05107873044621151492616917266786913387477397918701171875
0.6666915091920966318639329983852803707122802734375 -0.27731751352312861147453304511145688593387603759765625 0.69182181829175759535388579024584032595157623291015625 0.054377077987595327790426580349958385340869426727294921875
0.541741286992535986399843750405125319957733154296875 0.81779174683151978353379263353417627513408660888671875 -0.1942499338015901688692110838019289076328277587890625 0.01867335454373693359730879137714509852230548858642578125
-0.51189726463308538040308803829248063266277313232421875 0.5042932237375399306955614520120434463024139404296875 0.69544916058153660731733225475181825459003448486328125 -0.0488676830475998913438928639152436517179012298583984375
0.734704523775618678627097324351780116558074951171875 -0.251922425574907460354978638861211948096752166748046875 0.62987645950304926856233578291721642017364501953125 0.054472280590805492728190273510335828177630901336669921875
0.4896865127989682431319806710234843194484710693359375 0.83951604355213049757367116399109363555908203125 -0.2354143831658610519497187851811759173870086669921875 0.01281448143021781359285338197651071823202073574066162109375
-0.46948523078625947757558378725661896169185638427734375 0.4814020192220131999505383646464906632900238037109375 0.740159249055593715382883601705543696880340576171875 -0.0468556305552236540545862908402341417968273162841796875
0.79297526142994367859273552312515676021575927734375 -0.223321077010483703961796209114254452288150787353515625 0.56684912571423262672709597609355114400386810302734375 0.051092912660723792395156550583124044351279735565185546875
0.436186359726985106721741658475366421043872833251953125 0.857670002277792331568662120844237506389617919921875 -0.272293273477206387855886760007706470787525177001953125 0.01018692952488924052811825049502658657729625701904296875
-0.42536066384685067287563242643955163657665252685546875 0.463173686380917992710948283274774439632892608642578125 0.77752070190836530816369531748932786285877227783203125 -0.04371879568087240486295996788612683303654193878173828125
0.83922398185185886898551643753307871520519256591796875 -0.197484187273136935214523646209272556006908416748046875 0.5066587649116309766128551927977241575717926025390625 0.052839953003054294933260592870283289812505245208740234375
0.38745082029969568626626141849556006491184234619140625 0.870914929657105485460988347767852246761322021484375 -0.30230621420912251462453923522843979299068450927734375 0.01313808873401768086142116231940235593356192111968994140625
-0.3815559855824617319086655697901733219623565673828125 0.450007978904182703860925585104268975555896759033203125 0.8074081054762631826093866038718260824680328369140625 -0.04314408423064326758566977559894439764320850372314453125
0.8793379680872230874655315346899442374706268310546875 -0.1691791247343414905657255076221190392971038818359375 0.44513274608183539537975548228132538497447967529296875 0.046594478817959507355173087717048474587500095367431640625
0.33563524531672239703539162292145192623138427734375 0.8832944959429571696318816975690424442291259765625 -0.3273221891929420923617044536513276398181915283203125 0.01215972817361396680901908240457487409003078937530517578125
